c1s1
Exercise number (1-4,7-18,29-32,34)? 34

M =

     4    -1     0    -1    30
    -1     4    -1     0    60
     0    -1     4    -1    70
    -1     0    -1     4    40

swap(M,1,4)

ans =

    -1     0    -1     4    40
    -1     4    -1     0    60
     0    -1     4    -1    70
     4    -1     0    -1    30

replace(ans,2,-1,1)

temp =

    -1     0    -1     4    40
     0     4     0    -4    20
     0    -1     4    -1    70
     4    -1     0    -1    30

OK? y/n [y]:y

ans =

    -1     0    -1     4    40
     0     4     0    -4    20
     0    -1     4    -1    70
     4    -1     0    -1    30

replace(ans,4,4,1)

temp =

    -1     0    -1     4    40
     0     4     0    -4    20
     0    -1     4    -1    70
     0    -1    -4    15   190

OK? y/n [y]:y


ans =

    -1     0    -1     4    40
     0     4     0    -4    20
     0    -1     4    -1    70
     0    -1    -4    15   190

scale(ans,2,1./4)

ans =

    -1     0    -1     4    40
     0     1     0    -1     5
     0    -1     4    -1    70
     0    -1    -4    15   190

replace(ans,3,1,2)

temp =

    -1     0    -1     4    40
     0     1     0    -1     5
     0     0     4    -2    75
     0    -1    -4    15   190

OK? y/n [y]:y

ans =

    -1     0    -1     4    40
     0     1     0    -1     5
     0     0     4    -2    75
     0    -1    -4    15   190

replace(ans,4,1,2)

temp =

    -1     0    -1     4    40
     0     1     0    -1     5
     0     0     4    -2    75
     0     0    -4    14   195

OK? y/n [y]:y

ans =

    -1     0    -1     4    40
     0     1     0    -1     5
     0     0     4    -2    75
     0     0    -4    14   195

replace(ans,4,1,3)

temp =

    -1     0    -1     4    40
     0     1     0    -1     5
     0     0     4    -2    75
     0     0     0    12   270

OK? y/n [y]:y

ans =

    -1     0    -1     4    40
     0     1     0    -1     5
     0     0     4    -2    75
     0     0     0    12   270

diary off
