c1s2
Exercise number (3,4,7-14,33,34)? 34

M =

   1.0e+05 *

  Columns 1 through 5

   0.000010000000000                   0                   0                   0                   0
   0.000010000000000   0.000020000000000   0.000040000000000   0.000080000000000   0.000160000000000
   0.000010000000000   0.000040000000000   0.000160000000000   0.000640000000000   0.002560000000000
   0.000010000000000   0.000060000000000   0.000360000000000   0.002160000000000   0.012960000000000
   0.000010000000000   0.000080000000000   0.000640000000000   0.005120000000000   0.040960000000000
   0.000010000000000   0.000100000000000   0.001000000000000   0.010000000000000   0.100000000000000

  Columns 6 through 7

                   0                   0
   0.000320000000000   0.000029000000000
   0.010240000000000   0.000148000000000
   0.077760000000000   0.000396000000000
   0.327680000000000   0.000743000000000
   1.000000000000000   0.001190000000000

To view the entries of M in rational form, enter
        format rat, M
  The command   format short   returns the display to short decimal format.
format rat,M

M =

       1              0              0              0              0              0              0       
       1              2              4              8             16             32             29/10    
       1              4             16             64            256           1024             74/5     
       1              6             36            216           1296           7776            198/5     
       1              8             64            512           4096          32768            743/10    
       1             10            100           1000          10000         100000            119       

for i =1:5
for j=i+1:6
M=replace(M,j,-M(j,i)/M(i,i),i)
y
end
end

temp =

       1              0              0              0              0              0              0       
       0              2              4              8             16             32             29/10    
       1              4             16             64            256           1024             74/5     
       1              6             36            216           1296           7776            198/5     
       1              8             64            512           4096          32768            743/10    
       1             10            100           1000          10000         100000            119       

OK? y/n [y]:y

M =

       1              0              0              0              0              0              0       
       0              2              4              8             16             32             29/10    
       1              4             16             64            256           1024             74/5     
       1              6             36            216           1296           7776            198/5     
       1              8             64            512           4096          32768            743/10    
       1             10            100           1000          10000         100000            119       

 for i =1:5                     
for j=i+1:6
if M(j,i)~=0
M=replace(M,j,-M(j,i)/M(i,i),i)
'y'
end
end
end

temp =

       1              0              0              0              0              0              0       
       0              2              4              8             16             32             29/10    
       0              4             16             64            256           1024             74/5     
       1              6             36            216           1296           7776            198/5     
       1              8             64            512           4096          32768            743/10    
       1             10            100           1000          10000         100000            119       

OK? y/n [y]:y

M =

       1              0              0              0              0              0              0       
       0              2              4              8             16             32             29/10    
       0              4             16             64            256           1024             74/5     
       1              6             36            216           1296           7776            198/5     
       1              8             64            512           4096          32768            743/10    
       1             10            100           1000          10000         100000            119       


ans =

    'y'


temp =

       1              0              0              0              0              0              0       
       0              2              4              8             16             32             29/10    
       0              4             16             64            256           1024             74/5     
       0              6             36            216           1296           7776            198/5     
       1              8             64            512           4096          32768            743/10    
       1             10            100           1000          10000         100000            119       

OK? y/n [y]:y

M =

       1              0              0              0              0              0              0       
       0              2              4              8             16             32             29/10    
       0              4             16             64            256           1024             74/5     
       0              6             36            216           1296           7776            198/5     
       1              8             64            512           4096          32768            743/10    
       1             10            100           1000          10000         100000            119       


ans =

    'y'


temp =

       1              0              0              0              0              0              0       
       0              2              4              8             16             32             29/10    
       0              4             16             64            256           1024             74/5     
       0              6             36            216           1296           7776            198/5     
       0              8             64            512           4096          32768            743/10    
       1             10            100           1000          10000         100000            119       

OK? y/n [y]:y

M =

       1              0              0              0              0              0              0       
       0              2              4              8             16             32             29/10    
       0              4             16             64            256           1024             74/5     
       0              6             36            216           1296           7776            198/5     
       0              8             64            512           4096          32768            743/10    
       1             10            100           1000          10000         100000            119       


ans =

    'y'


temp =

       1              0              0              0              0              0              0       
       0              2              4              8             16             32             29/10    
       0              4             16             64            256           1024             74/5     
       0              6             36            216           1296           7776            198/5     
       0              8             64            512           4096          32768            743/10    
       0             10            100           1000          10000         100000            119       

OK? y/n [y]:y

