c1s2
Exercise number (3,4,7-14,33,34)? 34

M =

       1              0              0              0              0              0              0       
       1              2              4              8             16             32             29/10    
       1              4             16             64            256           1024             74/5     
       1              6             36            216           1296           7776            198/5     
       1              8             64            512           4096          32768            743/10    
       1             10            100           1000          10000         100000            119       

To view the entries of M in rational form, enter
        format rat, M
  The command   format short   returns the display to short decimal format.
format rat
M

M =

       1              0              0              0              0              0              0       
       1              2              4              8             16             32             29/10    
       1              4             16             64            256           1024             74/5     
       1              6             36            216           1296           7776            198/5     
       1              8             64            512           4096          32768            743/10    
       1             10            100           1000          10000         100000            119       

for i = 2:6
M=replace(M,i,-1,1)
end

temp =

       1              0              0              0              0              0              0       
       0              2              4              8             16             32             29/10    
       1              4             16             64            256           1024             74/5     
       1              6             36            216           1296           7776            198/5     
       1              8             64            512           4096          32768            743/10    
       1             10            100           1000          10000         100000            119       

OK? y/n [y]:y

M =

       1              0              0              0              0              0              0       
       0              2              4              8             16             32             29/10    
       1              4             16             64            256           1024             74/5     
       1              6             36            216           1296           7776            198/5     
       1              8             64            512           4096          32768            743/10    
       1             10            100           1000          10000         100000            119       


temp =

       1              0              0              0              0              0              0       
       0              2              4              8             16             32             29/10    
       0              4             16             64            256           1024             74/5     
       1              6             36            216           1296           7776            198/5     
       1              8             64            512           4096          32768            743/10    
       1             10            100           1000          10000         100000            119       

OK? y/n [y]:y

M =

       1              0              0              0              0              0              0       
       0              2              4              8             16             32             29/10    
       0              4             16             64            256           1024             74/5     
       1              6             36            216           1296           7776            198/5     
       1              8             64            512           4096          32768            743/10    
       1             10            100           1000          10000         100000            119       


temp =

       1              0              0              0              0              0              0       
       0              2              4              8             16             32             29/10    
       0              4             16             64            256           1024             74/5     
       0              6             36            216           1296           7776            198/5     
       1              8             64            512           4096          32768            743/10    
       1             10            100           1000          10000         100000            119       

OK? y/n [y]:y

M =

       1              0              0              0              0              0              0       
       0              2              4              8             16             32             29/10    
       0              4             16             64            256           1024             74/5     
       0              6             36            216           1296           7776            198/5     
       1              8             64            512           4096          32768            743/10    
       1             10            100           1000          10000         100000            119       


temp =

       1              0              0              0              0              0              0       
       0              2              4              8             16             32             29/10    
       0              4             16             64            256           1024             74/5     
       0              6             36            216           1296           7776            198/5     
       0              8             64            512           4096          32768            743/10    
       1             10            100           1000          10000         100000            119       

OK? y/n [y]:y

M =

       1              0              0              0              0              0              0       
       0              2              4              8             16             32             29/10    
       0              4             16             64            256           1024             74/5     
       0              6             36            216           1296           7776            198/5     
       0              8             64            512           4096          32768            743/10    
       1             10            100           1000          10000         100000            119       


temp =

       1              0              0              0              0              0              0       
       0              2              4              8             16             32             29/10    
       0              4             16             64            256           1024             74/5     
       0              6             36            216           1296           7776            198/5     
       0              8             64            512           4096          32768            743/10    
       0             10            100           1000          10000         100000            119       

OK? y/n [y]:y

